year	total prize	average prize	total tournaments	average prize/player	total players
2015	53,827,904.22	15,305.06	3517	5,164.83	10422	   	  
2014	36,433,994.05	14,182.17	2569	5,182.64	7030	  
2013	20,196,494.49	11,133.68	1814	4,232.29	4772	   	
2012	13,347,407.90	8,030.93	1662	3,415.41	3908	   	   
2011	9,793,415.67	6,911.37	1417	3,566.43	2746	 
2010	9,793,415.67	6,911.37	1417	3,566.43	2746	 
2009	9,793,415.67	6,911.37	1417	3,566.43	2746	 
2008	6,515,420.50	15,699.81	415	3,857.56	1689
2007	6,418,114.79	18,657.31	344	4,041.63	1588
2006	4,524,679.43	15,495.48	292	3,941.36	1148
2005	3,791,207.98	14,985.01	253	3,856.77	983	